1000    1.863927
2000    5.580006
2200    6.332904
2420    7.085311
2662    7.666743
2928    8.586306
3220    9.637784
3542    10.990401
3896    12.258618
4284    14.191709
4712    15.683171
5182    17.605663
5700    19.703008
6270    23.346082
6896    26.798468
7584    30.930629
8342    36.132149
9176    40.700186
10092   46.278057
11100   52.157769
12210   58.303932
13430   68.950198
14772   76.756396
16248   88.976807
17872   101.167637
19658   118.554892
21622   135.264280
23784   156.466606
26162   185.729731
28778   216.128820
31654   255.430893
34818   292.261872
38298   340.922013
42126   399.136729
46338   468.456335
50970   547.606473
56066   649.091807
61672   762.522162
67838   903.509101
74620   1065.316745
82082   1262.674904
90290   1499.851211
99318   1782.108421
109248  2117.065687
120172  2519.558962
132188  3007.518976
145406  3582.123746
159946  4282.243215
175940  5120.528978
193534  6131.814717
212886  7352.218983
234174  8818.842768
257590  10561.507413
283348  12686.861445
311682  15249.169009
342850  18338.696917
377134  22089.140412
414846  26603.859083
456330  32194.306011
501962  40305.201989
552158  80266.637831
607372  102253.941866
668108  123564.599585
734918  149186.322078
808408  180463.700883
889248  217937.755414
978172  263298.085541
1075988 318138.447643
1183586 384205.414651
1301944 464789.834427
1432138 561376.696952
