1000	1.415220
2000	4.998981
2200	5.928380
2420	7.273567
2662	8.577540
2928	10.146732
3220	13.043207
3542	14.995923
3896	18.270109
4284	22.282508
4712	26.370775
5182	32.273332
5700	39.281863
6270	47.963837
6896	57.115460
7584	69.043856
8342	88.337576
9176	103.807598
10092	122.599235
11100	149.112301
12210	177.396973
13430	215.577258
14772	261.708310
16248	326.988270
17872	389.218336
19658	467.038901
21622	574.235420
23784	697.222978
26162	841.877345
28778	1009.932163
31654	1240.591817
34818	1497.404237
38298	1811.343019
42126	2204.722109
46338	2653.907520
50970	3231.738054
56066	3921.724712
61672	4720.242048
67838	5732.649671
74620	6941.230203
82082	8378.423271
90290	10166.634281
99318	12242.616590
109248	14856.886369
120172	17921.434697
132188	21747.331086
145406	26321.596992
159946	31754.884124
175940	38510.733771
193534	46432.275885
212886	56395.370280
234174	68101.281371
257590	82546.757688
283348	99675.820870
311682	120730.186484
342850	147299.655937
377134	178683.663154
414846	214082.141463
456330	263303.618606
501962	323040.153391
552158	389361.120666
607372	471909.054092
668108	561108.598031
734918	684906.827551
